0.1 2
0.551254 0.548833
0.567673 0.55655
0.567673 0.55655
0.567673 0.55655
0.567673 0.55655
0.567673 0.55655
0.567673 0.55655
0.567673 0.55655
0.567673 0.55655
0.567673 0.55655
0.567673 0.55655
0.567673 0.55655
0.567673 0.55655
0.567673 0.55655
0.567673 0.55655
0.567673 0.55655
0.567673 0.55655
0.567673 0.55655
0.567673 0.55655
0.567673 0.55655
0.567673 0.55655
0.567673 0.55655
0.567673 0.55655
0.567673 0.55655
0.567673 0.55655
0.567673 0.55655
0.567673 0.55655
0.567673 0.55655
0.567673 0.55655
0.567673 0.55655
0.567673 0.55655
0.567673 0.55655
0.567673 0.55655
0.567673 0.55655
0.567673 0.55655
0.567673 0.55655
0.567673 0.55655
0.567673 0.55655
0.567673 0.55655
0.567673 0.55655
0.567673 0.55655
0.567673 0.55655
0.567673 0.55655
0.567673 0.55655
0.567673 0.55655
0.567673 0.55655
0.567673 0.55655
0.567673 0.55655
0.567673 0.55655
0.567673 0.55655
0.567673 0.55655
0.567673 0.55655
0.567673 0.55655
0.567673 0.55655
0.567673 0.55655
0.567673 0.55655
0.567673 0.55655
0.567673 0.55655
0.567673 0.55655
0.567673 0.55655
0.567673 0.55655
0.567673 0.55655
0.567673 0.55655
0.567673 0.55655
0.567673 0.55655
0.567673 0.55655
0.567673 0.55655
0.567673 0.55655
0.567673 0.55655
0.567673 0.55655
0.567673 0.55655
0.567673 0.55655
0.567673 0.55655
0.567673 0.55655
0.567673 0.55655
0.567673 0.55655
0.567673 0.55655
0.567673 0.55655
0.567673 0.55655
0.567673 0.55655
0.567673 0.55655
0.567673 0.55655
0.567673 0.55655
0.567673 0.55655
0.567673 0.55655
0.567673 0.55655
0.567673 0.55655
0.567673 0.55655
0.567673 0.55655
0.567673 0.55655
0.567673 0.55655
0.567673 0.55655
0.567673 0.55655
0.567673 0.55655
0.567673 0.55655
0.567673 0.55655
0.567673 0.55655
0.567673 0.55655
0.567673 0.55655
